0 1,200.43
1 1,208.43
2 1,216.49
3 1,224.60
4 1,232.76
5 1,240.98
6 1,249.25
7 1,257.58
8 1,265.97
9 1,274.41
10 1,282.90
11 1,291.46
12 1,300.07
13 1,308.73
14 1,317.46
15 1,326.24
16 1,335.08
17 1,343.98
18 1,352.94
19 1,361.96
20 1,371.04
21 1,380.18
22 1,389.38
23 1,398.65
24 1,407.97
25 1,417.36
26 1,426.81
27 1,436.32
28 1,445.89
29 1,455.53
30 1,465.24
31 1,475.00
32 1,484.84
33 1,494.74
34 1,504.70
35 1,514.73
36 1,524.83
37 1,535.00
38 1,545.23
39 1,555.53
40 1,565.90
41 1,576.34
42 1,586.85
43 1,597.43
44 1,608.08
45 1,618.80
46 1,629.59
47 1,640.45
48 1,651.39
49 1,662.40
50 1,673.48
51 1,684.64
52 1,695.87
53 1,707.18
54 1,718.56
55 1,730.01
56 1,741.55
57 1,753.16
58 1,764.85
59 1,776.61
60 1,788.46
