0  1200.43
1  1208.43
2  1216.49
3  1224.60
4  1232.76
5  1240.98
6  1249.25
7  1257.58
8  1265.97
9  1274.41
10  1282.90
11  1291.46
12  1300.07
13  1308.73
14  1317.46
15  1326.24
16  1335.08
17  1343.98
18  1352.94
19  1361.96
20  1371.04
21  1380.18
22  1389.38
23  1398.65
24  1407.97
25  1417.36
26  1426.81
27  1436.32
28  1445.89
29  1455.53
30  1465.24
31  1475.00
32  1484.84
33  1494.74
34  1504.70
35  1514.73
36  1524.83
37  1535.00
38  1545.23
39  1555.53
40  1565.90
41  1576.34
42  1586.85
43  1597.43
44  1608.08
45  1618.80
46  1629.59
47  1640.45
48  1651.39
49  1662.40
50  1673.48
51  1684.64
52  1695.87
53  1707.18
54  1718.56
55  1730.01
56  1741.55
57  1753.16
58  1764.85
59  1776.61
60  1788.46
